2.990928437454751929e+02 3.159760496320647007e+02 1.795240225075770581e+02 1.006276150627579682e+02 5.571778964075887330e+01 3.161729909104539615e+01 2.261924686190606337e+01 1.341408166212896447e+01 7.590390996970069182e+01 2.021113836387188769e+02 2.366307892079140629e+02 2.159422161304246117e+02 1.408399220891656967e+02 7.854335593709288332e+01 4.255518684173387811e+01 2.606218438896824097e+01 8.225176742172720878e+01 2.063587505410499148e+02 2.255777665560461855e+02 2.048570191891511456e+02 1.408571634684749370e+02 8.114572211802260426e+01 4.668727456355761518e+01 3.085348434567730891e+01
1.241027717220565307e+01 6.258978511364944097e+01 2.304409218311895700e+02 4.180477109934380451e+02 2.065464964185807162e+02 6.066446589847511461e+01 1.918312052319038230e+01 1.179719713488337618e+01 4.085269386492569765e+00 2.278903768295722898e+01 8.475546558702508548e+01 2.667481781376698109e+02 3.915139831827104899e+02 1.833314232326209492e+02 5.034917471193726612e+01 1.810744316410391264e+01 4.489878542496100522e+00 2.856412332611631655e+01 1.089798816567932676e+02 2.995660541887510817e+02 3.650766116474890737e+02 1.465671130488979657e+02 4.740523201495712158e+01 2.103108066020925548e+01
1.126709863185055838e-01 2.522678185750720559e+00 3.529517638581069150e+00 4.237580993515052796e+00 5.371490280776043846e+00 8.280777537797192167e+00 4.277249820014309734e+01 9.570806335493577990e+02 4.841612671014132729e-01 3.078473722090848241e+00 4.492080633562039793e+00 5.305615550764827049e+00 6.436285097192950388e+00 7.800215982722505714e+00 1.389024478041748978e+02 8.574085673145898454e+02 9.092872570155634548e-01 4.829373650096982828e+00 5.187904967598456096e+00 5.328653707700908626e+00 7.609791216711585093e+00 8.920986321094360960e+01 8.337134629229982465e+02 7.711951043916496928e+01
8.037332511935716184e+01 7.690979516403058369e+02 1.507064531033465471e+02 1.469521022641198726e+01 4.732789157568802807e+00 1.798244263057242165e+00 1.145079316184109075e+00 6.032650546828648430e-01 7.992761435387194524e+00 2.457776066533117501e+02 6.097922377945251355e+02 1.355874018173430500e+02 1.683536115817969403e+01 4.156630217145377060e+00 1.985214846762602292e+00 1.025103958113575686e+00 6.800554443257723847e+00 2.064886801170501940e+02 5.780013861081489495e+02 1.947523486831954074e+02 2.777622054522285566e+01 5.547204681968551654e+00 2.529647312496734912e+00 1.256275989514449520e+00
6.072319201949483158e-01 3.659600997505492614e+00 4.700748129666180830e+00 4.408665835405628286e+00 5.743765586036971627e+00 4.956733167081988256e+01 9.259311097257171923e+02 2.834413965086997678e+01 7.412718204526242971e-01 3.808603491260186047e+00 4.491271820456688602e+00 4.856920199510653902e+00 6.691084788032640063e+00 2.236028678304211610e+02 7.736571072319119367e+02 5.113466334158985660e+00 2.101620947630749470e+00 4.392144638391272338e+00 4.784600997500717767e+00 5.839463840396490468e+00 3.742861596010742176e+01 9.016885910224004874e+02 6.579769326683243946e+01 9.298628428928736867e-01
9.524250380518914199e+02 3.731088280058779105e+01 5.498351090818687226e+00 2.381126331812750152e+01 1.239218670742104678e+00 7.675038051802829386e-01 5.687468290095978318e-01 3.252156266024570641e-01 9.295865043126528917e+02 7.688406900051552384e+01 8.634576357164121418e+00 3.214485032976227785e+00 1.923262303410524510e+00 8.896499238833683876e-01 3.121511923027924240e-01 5.015220700119016328e-01 9.455846017250988780e+02 5.980466768137523559e+01 8.534246575330826090e+00 3.748985286688025553e+00 2.165144596673769684e+00 1.043759512940994227e+00 4.748858447579209496e-01 5.899289700502521328e-01
9.640579587698243813e+01 8.183018756337876312e+02 8.555677593779772394e+01 1.520294018249181534e+01 3.328151402520418856e+00 1.571983778309487434e+00 8.273910104589106140e-01 9.477019263560322315e-01 4.754689084149979550e+01 8.661996451502466243e+02 9.286177762756604182e+01 8.404106116953300898e+00 3.539793849286382965e+00 1.720767151049130916e+00 9.421257181746227616e-01 9.275092936638742458e-01 8.661262250760299253e+01 8.296034978033890184e+02 8.871552889488818039e+01 9.710628590779151637e+00 3.761490368392230721e+00 1.682156133832449996e+00 9.907908076990992186e-01 1.065900642088649874e+00
1.514810426544045185e+00 2.507109004739021429e+00 2.828791469196971775e+00 4.742298578196226799e+00 5.750592417058982164e+00 1.309656398103957997e+01 9.506196682464492369e+02 4.294016587677531049e+01 2.383886255922917030e+00 2.956161137440005859e+00 3.557464454979339052e+00 5.124407582944513706e+00 5.104680094786536415e+01 9.505556872037757330e+02 7.414691943127110108e+00 9.609004739343305346e-01 5.302725118480807964e+00 4.950829383883842638e+00 1.667417061611936901e+01 9.359300947867619698e+02 5.276184834123220924e+01 5.854857819908019678e+00 2.100118483414732395e+00 4.253554502370775481e-01
2.055906221811369505e+00 7.088728584293647828e+00 6.552533814245596488e+01 8.586797114517135014e+02 7.879062218214444613e+01 4.776375112718383775e+00 1.366816952214264802e+00 1.024706943192583708e+00 1.889810640212843396e+00 5.833724075749955773e+00 4.844220018033811925e+01 8.951439134354593534e+02 6.111073038774246413e+01 4.132551848502188818e+00 1.598557258790734181e+00 1.156717763754187445e+00 1.908385933282787050e+00 5.566456266894618921e+00 8.873796212803759431e+01 8.332425608655813676e+02 8.166528403969108751e+01 4.812623985575910979e+00 1.991163210103295000e+00 1.383769161396571690e+00
1.352647167714245313e+01 3.755527582374671169e+01 9.365931136614258889e+01 2.071362458348928044e+02 3.086878933727906542e+02 2.258342835986742614e+02 9.597334320622026382e+01 3.854209552020135732e+01 4.617919289165982377e+00 1.619703813404268544e+01 4.325968159938784652e+01 9.645716401331000611e+01 2.251285449833493431e+02 3.438000740466312664e+02 2.145413550536674734e+02 7.691314328026774660e+01 6.190670122179597001e+00 2.123280266572396613e+01 4.481658644945036940e+01 1.047226952980521162e+02 2.325788226582952234e+02 3.005452054793984757e+02 2.094596815994361236e+02 1.013684561273595506e+02
6.019138755979724920e+00 1.117875598086143754e+02 3.249090909091196977e+01 3.235052631578935234e+02 5.139090909091073627e+02 3.417894736842131209e+01 7.837320574142978558e-01 6.985645932803663527e-02 3.001435406698610819e+01 9.130162679425852730e+02 7.297799043062043722e+01 4.108133971293909781e+00 1.550239234450089043e+00 3.846889952135228441e-01 6.688995215303208397e-01 2.392344497710041651e-02 9.654133971292022807e+02 4.926698564593573337e+01 3.527272727275800435e+00 2.861244019136648831e+00 8.488038277511975593e-01 6.794258373229382642e-01 1.444976076554098654e-01 2.870813397223059837e-03
1.510788653876657861e+01 2.365830464008806189e+01 4.286161665845376945e+01 7.060075422199685136e+01 1.164772913592380661e+02 2.038957206099430834e+02 2.745353336612331532e+02 2.738514510575686245e+02 6.046892933263720238e+00 1.775651746188614766e+01 3.389719626167459410e+01 5.370273815379223947e+01 8.253254631906858663e+01 1.208803082472541348e+02 2.446935563207384803e+02 4.614786030496739500e+02 7.049188391550117672e+00 1.873126742087890761e+01 3.417330709951457379e+01 5.396179701591445621e+01 7.462666010822842111e+01 1.040388588293168652e+02 1.771834727004442414e+02 5.512238071814779232e+02
1.585144585134969475e+00 3.975240975224949125e+00 9.457380457365218263e+00 1.076097146097105792e+02 8.335845775844932177e+02 6.034965034964940855e+01 3.281421281426077030e+00 1.066339066336865926e+00 1.299565299562132736e+00 3.509355509360716496e+00 7.169911169903997461e+00 6.993479493480420217e+01 8.860536760535799203e+02 4.797335097335037091e+01 3.308637308636335206e+00 1.660177660179755321e+00 1.617652617661562431e+00 3.127953127937047384e+00 6.378945378935696908e+00 9.998563598563431754e+01 8.292218862219132234e+02 7.566849366849676528e+01 2.863352863355828504e+00 2.045549045540397515e+00
5.353185595439811095e-01 1.260734071996637340e+00 2.012696214231766589e+00 3.084949215153244495e+00 4.387811634366315161e+00 8.128924284400582678e+00 2.768524930747753388e+01 9.760474376729705455e+02 4.231301939071983043e-01 1.173591874438386640e+00 2.344990766372887947e+00 2.944021237308817263e+00 4.629039704536182853e+00 7.860341643569114467e+00 1.751373499539306522e+01 9.862542705449159257e+02 7.549630655734063112e-01 1.357340720248686239e+00 2.335872576165201053e+00 3.191943675010918469e+00 5.169436749792055252e+00 8.667936288092036534e+00 3.483356417359002677e+01 9.668320637118833929e+02
3.618421052627240897e-01 1.997532894742192866e+00 3.642680921047315223e+00 6.612664473679387811e+00 4.444490131576131375e+00 4.035361842104848051e+00 4.770888157894623305e+01 9.551439144737240667e+02 5.699013157911565486e-01 3.575246710517376414e+00 7.053865131589390103e+00 3.720805921060957644e+00 5.311677631577424563e+00 2.384210526315969503e+01 9.245296052631456405e+02 5.534416118421152930e+01 1.386513157891059222e+00 6.463404605254055468e+00 5.277138157892437675e+00 4.702302631576515068e+00 4.820148026315787604e+01 7.367203947368454919e+02 2.178404605263287124e+02 3.355674342105359642e+00
8.676809589689753466e-01 1.855693868145749548e+00 2.357307514980647056e+00 4.319963116639399914e+00 4.953434762560661397e+00 1.432549562009927513e+01 1.010811433840464417e+02 8.942392807745881100e+02 7.879207007843689325e-01 2.522360534802032817e+00 4.718303365614474387e+00 3.469340710012232876e+00 4.344398340245561485e+00 1.151258644536665940e+02 8.917616413093538767e+02 1.270170585520972395e+00 2.142461964035348387e+00 4.487782388190225902e+00 4.579529737205490392e+00 2.530198248040338171e+01 9.222577224527672115e+02 6.324204702628072283e+01 1.643614568927844743e+00 3.448593822038787948e-01
7.473953026408690903e+02 1.960576069175047849e+02 3.995968684270609117e+01 1.652208459922469785e+01 8.392264547807727126e+00 5.183220378598363709e+00 3.755550362221441674e+00 2.389343304529987222e+00 4.770495442859954665e+02 3.809720729142449045e+02 9.597651320401432429e+01 3.336188361765616150e+01 1.615085300304886573e+01 7.943912128989140342e+00 4.561462958651006261e+00 3.638817480714777730e+00 5.392892030848757940e+02 3.123048609488025136e+02 8.788093012385130010e+01 4.051939705541286685e+01 1.917702734285880695e+01 9.393666744569884486e+00 5.546272493582222296e+00 5.543701799470113656e+00
1.931654676262610337e+00 3.622901678656347713e+00 5.166666666669982533e+00 1.049280575539339111e+01 9.917925659472454925e+01 8.526336930455699985e+02 3.432913669064480189e+01 1.633693045563296664e+01 1.342925659471106314e+00 3.920263788968526342e+00 5.951438848923231717e+00 3.409532374101277696e+01 8.334970023980936276e+02 1.282781774580337242e+02 1.040227817745716266e+01 6.205635491607850440e+00 2.961630695440987893e+00 7.194244604314775415e+00 3.488129496403382745e+01 4.097769784172635923e+02 5.050377697841876170e+02 4.685191846523046877e+01 1.340407673861112414e+01 3.585131894484518966e+00
6.596981553935364673e+00 7.190050307430482235e+00 1.013247624371092286e+02 3.135916713247615917e+02 3.384723309111369645e+02 2.079147568474076877e+02 4.574203465623232745e+01 2.049468977079271781e+00 1.125209614313959605e+00 6.119340413637733889e+01 9.345424818334040538e+02 2.004974846283732859e+01 2.631917272223745385e+00 1.325041922857252530e+00 1.576579094465245134e+00 4.376746785874274792e-01 9.337171604247922119e+01 8.908669647848352042e+02 3.109446618221915060e+01 2.166014533261829911e+00 2.211011738415493255e+00 2.250139742876328341e+00 8.728339854647941820e-01 4.891000558976088541e-02
3.679688987621619845e+01 3.106928752776673264e+02 4.340034116153242394e+02 1.608909869882533883e+02 4.706370993336988562e+01 1.701309108220201693e+01 8.258648048218987014e+00 7.845921929576334719e+00 7.988813075224697968e+00 1.169148682957851832e+02 3.889992859409512675e+02 3.523077594414512532e+02 1.056541574103482901e+02 2.995533164073454202e+01 1.143240241196002671e+01 9.312916534417055914e+00 1.943089495399799205e+01 2.188763091082136043e+02 4.814860361790825891e+02 2.077158838463978725e+02 5.773444938117171432e+01 2.007489685814368841e+01 9.033719454136068805e+00 8.213344969830799869e+00
9.518413597775463586e-01 1.698016997167712816e+00 1.530878186970085153e+00 3.326345609061945652e+00 2.525099150141403470e+01 9.024691218130378729e+02 8.822719546742247587e+01 2.555240793175528324e-01 1.086118980168478743e+00 1.948441926343406294e+00 3.443002832861117213e+01 5.932135977337120494e+02 3.907461756374020752e+02 1.487818696885298664e+00 6.464589235118722854e-01 1.512747875353568361e-01 1.576770538240637620e+00 2.500821529745058172e+02 7.369852691218023892e+02 3.174787535410536066e+01 1.695184135977314099e+00 8.175637393796080232e-01 6.577903682745329661e-01 1.473087818697962348e-01
7.496938525520704388e-01 3.042125887818656338e+00 5.888562331606181033e+00 1.196595640459813126e+01 1.059652216507452920e+02 7.583921136418782680e+02 1.169076659319078573e+02 2.061841783002421380e+01 6.385011021320678992e-01 2.606171932400485503e+00 4.906931178054776410e+00 1.021626255204532185e+01 9.488488856232896751e+01 8.274249326475452335e+02 7.878079843252459114e+01 4.071271124171090605e+00 1.142052412446631138e+00 3.238795003658594851e+00 4.571148665189298299e+00 1.284986529513238906e+01 1.365927014450159049e+02 7.835875581679524657e+02 7.720940484937499093e+01 4.338231692381015137e+00
1.401392961874705634e+00 4.138563049860067622e+00 9.126466275652717286e+00 1.230252932551314444e+02 8.273141495601387305e+02 5.338306451612663750e+01 3.890029325515385494e+00 1.204912023457609394e+00 1.388563049855861209e+00 4.512463343097607549e+00 2.630608504400024117e+01 6.258592375366588385e+02 3.500208944281621939e+02 1.220344574780322944e+01 2.063416422286465490e+00 1.129765395889762658e+00 2.623900293251210769e+00 2.200293255130961256e+01 1.644666422287397722e+02 7.056590909091278263e+02 1.198892961876832572e+02 5.605205278595448704e+00 1.871700879765413106e+00 1.365102639296296161e+00
1.666920731705914704e+00 1.975990853664768565e+00 2.084603658529800896e+00 2.504192073165455668e+00 2.769054878046375734e+00 2.805068597560654808e+01 9.755251524390499753e+02 9.423399390241357310e+00 2.813262195123783727e+00 2.067073170721357656e+00 3.092225609767893957e+00 1.412599085365886253e+02 8.469935213414753434e+02 2.698856707317362691e+01 5.495426829259031365e-01 2.358993902395241093e-01 3.422256097557109911e+00 7.363567073160538712e+00 5.049451219512108082e+02 4.809550304878322322e+02 2.580221036585776062e+01 9.729420731738116501e-01 3.399390243904605313e-01 1.989329268293715813e-01
9.616615842320263141e+01 5.354310896244990090e+02 3.133428783934660942e+02 5.196600966903643837e+01 1.331982149499964407e+01 6.090219412427117618e+00 3.045741911481627540e+00 3.050576422494231110e+00 2.495515061361217590e+01 4.047897359612928767e+02 4.704414280401373389e+02 8.971283004833665586e+01 1.886827817033667998e+01 7.337076980274176208e+00 3.600148754202635359e+00 2.707846783171561356e+00 6.517783562662674512e+01 6.326191149126822211e+02 2.574261063592317669e+02 4.237471178880721823e+01 1.372346597250532341e+01 5.725176645596604885e+00 2.959761993296567084e+00 2.406322052786620702e+00
1.050815217385093092e+00 1.607581521738819674e+01 2.185567934782621364e+02 6.575206521738945185e+02 1.034652173913032982e+02 1.534673913043606319e+01 5.163315217394725209e+00 5.594565217388392853e+00 1.853260869569083980e+00 5.812010869564440441e+01 5.291372282608590467e+02 3.820548913043351718e+02 3.433994565217561501e+01 8.657336956517767135e+00 4.519836956520791205e+00 4.091304347821449028e+00 1.536684782608593025e+01 1.524038043478281566e+02 6.605747282608571140e+02 1.623679347826079322e+02 1.888994565218710875e+01 5.957880434785792545e+00 4.716032608693602413e+00 2.496739130434889375e+00
2.484834344298008091e-01 4.017032197842922869e+00 6.116892207172895723e+00 7.108959402704954300e+00 9.132757816152988539e+00 5.059659356042575951e+01 8.462778814746045555e+02 9.980704619691888979e+01 2.454503033133050849e-01 3.879141390573266790e+00 6.028231451234717042e+00 6.844610359306187775e+00 7.823378441443480824e+00 3.906626224918177570e+01 9.342529164723000576e+02 2.516565562295168945e+01 7.529164722410399690e-01 4.400606626209196293e+00 5.172421838535882443e+00 6.701353243128124859e+00 1.011315912274119455e+01 7.953196453569830737e+01 8.972246850210509592e+02 1.940853943070472809e+01
3.399969102414502231e+00 1.333236520933183442e+02 7.803692260157074543e+02 9.084288583345545476e+01 8.456975127466250797e+00 2.433801946551881201e+00 1.436428240380834609e+00 1.586590452657404171e+00 2.286575003856569310e+00 8.440831144754186255e+01 8.025535300478652516e+02 1.148038004016759430e+02 1.095627993203498818e+01 3.437355167607989870e+00 1.507647149703387868e+00 1.896029661676081446e+00 1.260358411865666994e+01 1.312575312837843740e+02 6.862130387765345176e+02 1.730177661053583336e+02 1.227514290130264385e+01 3.232040784801739619e+00 1.530665842737946036e+00 1.719758998906144143e+00
9.174830444593737866e-01 2.793519216283584683e+00 6.715523737748128497e+00 5.273549359452374574e+00 5.970233609642974670e+00 3.913828183873168598e+01 9.298658628485525242e+02 3.332554634513680014e+01 1.284853051999263585e+00 2.978522984164499121e+00 8.179351921638897238e+00 5.874152223068136891e+00 1.994122079879215903e+01 9.177584777693873548e+02 6.648869630745952009e+01 1.494724943477237389e+00 4.555388093440129182e+00 5.289374529002770942e+00 7.004144687261430136e+00 3.078711379050244545e+01 8.865086661643051684e+02 8.426488319517747527e+01 5.041446872645551025e+00 5.489826676715381382e-01
6.128099173550367595e-01 2.202479338848291945e+00 5.588429752061330191e+00 1.199380165288809508e+01 1.492520661156744666e+01 4.953033057851308740e+02 4.253842975206457311e+01 4.508355371900943851e+02 5.710743801669195818e-01 2.099173553710159013e+00 3.795041322324493649e+00 5.114876033066110494e+00 3.589132231404504125e+01 9.435991735537019167e+02 3.195578512396602378e+01 9.735537190047551803e-01 1.617355371897161831e+00 4.010743801643769757e+00 5.478099173551754575e+00 4.887355371900582668e+01 9.250657024793641767e+02 3.673429752066382292e+01 1.705371900827643117e+00 5.148760330579591482e-01
1.292158081703786365e+01 1.344373889875566590e+02 5.321678507992445475e+02 2.572413854351686950e+02 5.783179396093473201e+01 1.583801065719940482e+01 6.699467140298125400e+00 5.143161634130805737e+00 3.381083481358871268e+00 2.661962699824027823e+01 2.202880106571950023e+02 5.091619005328020080e+02 1.987040852575618430e+02 4.393712255771553998e+01 1.248410301956155877e+01 7.704706927162874308e+00 4.597424511561740701e+00 3.354973357018897673e+01 2.655527531083357076e+02 4.702914742450722088e+02 1.775296625222080706e+02 4.789360568383995798e+01 1.414662522202674921e+01 8.719360568364763253e+00
7.017766051011561785e+02 2.906074883779301103e+02 2.014562130920344885e+01 5.438371654749545314e+00 2.310466138978782169e+00 1.143485362487979273e+00 6.528458348922470122e-01 8.556351300586584330e-01 1.214800854378694623e+02 7.138714662645054432e+02 1.509886920467404252e+02 2.352933785650111531e+01 7.181429827879014738e+00 2.944716672935754787e+00 1.633747958300602932e+00 1.301042844575036384e+00 2.161194873727996537e+02 6.695076014575359977e+02 1.037271013946373870e+02 1.980462369647503351e+01 7.436989571576418712e+00 3.100640784021479135e+00 1.574946601341110863e+00 1.659128031143978887e+00
