6.137884872824631577e-01 3.709504685408299807e+00 4.699799196787148858e+00 4.332663989290495010e+00 5.221552878179384294e+00 4.596151271753681300e+01 9.211328647925032556e+02 3.721452476572958545e+01 7.536813922356090378e-01 3.805220883534136345e+00 4.471218206157964836e+00 4.908299866131191180e+00 6.011713520749665030e+00 1.548109103078982400e+02 8.430937081659973273e+02 5.031459170013386384e+00 2.165662650602409478e+00 4.381526104417670098e+00 4.762382864792503057e+00 5.745649263721552380e+00 4.099297188755019761e+01 8.959769076305220779e+02 6.806291834002676922e+01 7.981927710843372825e-01
1.200668896321070322e+00 3.432552954292084735e+00 7.431809736157562796e+00 1.124384986993682674e+02 8.225990338164251625e+02 7.223151244890375722e+01 3.242289111854329331e+00 9.004087699739874440e-01 1.286510590858416903e+00 3.725009290226681813e+00 2.208249721293199741e+01 6.265849126718692332e+02 3.571003344481605382e+02 1.012783351913786767e+01 1.683389074693422582e+00 8.862876254180602764e-01 2.204013377926421491e+00 1.784280936454849709e+01 1.579401709401709581e+02 7.224054254923820508e+02 1.158558156819026408e+02 4.421404682274247655e+00 1.577852099591230184e+00 1.229282794500185849e+00
9.728948933419521836e+02 3.790652876535229865e+01 5.526438267614738109e+00 2.631544925662572698e+00 1.247963800904977383e+00 7.896574014221072746e-01 5.809954751131222173e-01 3.286360698125403990e-01 9.274758888170653108e+02 7.850769230769230944e+01 8.907304460245637046e+00 3.315061409179056451e+00 1.947252747252747218e+00 9.151906916612798648e-01 3.254040077569489431e-01 5.128636069812539944e-01 9.430244343891403105e+02 6.167563025210083794e+01 8.931997414350355768e+00 3.891790562378797613e+00 2.213574660633484292e+00 1.069941822882999327e+00 4.920491273432450186e-01 6.072398190045248390e-01
1.466865227103499869e-01 3.183420203524447878e+00 4.609084139985108131e+00 5.254653760238272575e+00 5.998510796723753202e+00 2.919930503847108838e+01 8.742174236783321248e+02 1.009699677339290247e+02 1.809381980640357435e-01 3.068006949615289525e+00 4.622238768925291730e+00 5.277240009928021891e+00 5.960536113179449202e+00 3.225068255150161889e+01 9.482144452717797094e+02 2.400496401092082621e+01 6.589724497393895097e-01 3.401340282948622562e+00 3.835691238520725133e+00 5.457433606353934152e+00 7.997766195085629803e+00 7.496971953338298533e+01 9.121581037478283633e+02 1.510002482005460500e+01
5.520730850316232896e+00 8.621011946591707442e+01 3.277863668306395084e+01 3.769030217849613678e+02 3.896528460997892012e+02 7.171117357695010242e+01 6.023963457484188666e+01 6.184118060435699060e-02 1.417196064652143264e+02 6.758770203794799727e+02 1.962262825017568559e+02 6.274771609276177387e+00 2.101194659170765977e+00 3.612087139845396866e-01 5.003513703443429605e-01 1.756851721714687217e-02 9.728468025298665225e+02 4.168376669009135327e+01 4.276177090653549229e+00 2.900210822206605865e+00 7.624736472241743224e-01 5.003513703443429605e-01 1.061138439915671056e-01 2.108222066057624522e-03
1.647628937348563749e+00 2.335756317064728638e+00 2.409138110072689631e+00 3.810661128418137977e+00 4.358947732779508755e+00 1.810972654897888745e+01 9.735323641398408654e+02 1.779577708549671300e+01 2.543440636898580909e+00 2.619591554170993764e+00 3.215299411561094001e+00 1.153686396677050929e+01 4.527403946002077078e+02 5.469563862928349636e+02 3.808930425752855786e+00 5.790931118033921798e-01 4.446867428175839798e+00 4.097611630321910781e+00 3.945690550363448068e+01 9.378099688473521383e+02 3.300311526479750768e+01 3.671166493596400571e+00 1.279335410176531740e+00 2.350294219453098188e-01
2.240020674887395558e+01 1.181289965295724613e+02 2.946500036919441641e+02 3.174197002141327744e+02 1.617928819316251747e+02 6.653762091117181399e+01 2.297171970759801951e+01 1.756590120357380158e+01 5.569076275566713363e+00 3.860414974525585308e+01 1.421475300893450537e+02 3.043903123384774290e+02 3.197169755593295122e+02 1.453233404710920809e+02 4.417750867606881826e+01 2.153813778335671358e+01 8.692756405523148544e+00 5.745617662260946190e+01 2.187578084619360368e+02 3.951137857195599281e+02 2.243545004799527192e+02 7.527822491323931331e+01 2.471033005980949326e+01 1.710344827586206762e+01
2.246698041597085194e+00 4.544587824502808360e+01 3.380289965082738490e+02 5.117397904964323629e+02 9.623667830575375604e+01 1.792788826476392927e+01 5.376195536663123775e+00 5.564748747533019291e+00 2.048580537422195036e+00 4.711507514801882479e+01 4.045923789281918630e+02 4.645498709579474621e+02 7.950311219067860691e+01 1.434598451495369531e+01 5.273417337179291842e+00 5.138454531653255941e+00 9.085623197206619039e+00 1.093787763777136774e+02 5.915022013056019432e+02 2.562207378169121057e+02 3.826324578715652081e+01 9.502353119781387747e+00 4.791407317443448832e+00 3.822529224229542777e+00
1.411490997370018263e+00 3.725874974711713694e+00 7.510418774023872146e+00 7.989419380942747750e+01 8.460101153145863009e+02 6.943091240137567866e+01 1.181043900465304475e+01 9.761278575763706611e-01 1.183289500303459363e+00 3.339874570099130136e+00 6.406635646368601833e+00 6.092555128464495340e+01 9.062342706858182737e+02 3.824135140602872696e+01 2.896216872344730131e+00 1.542383168116528536e+00 1.543192393283431052e+00 3.023669836131903654e+00 5.808011329152336977e+00 1.025978150920493590e+02 8.428960145660530543e+02 6.063443253085171136e+01 2.382156585069795884e+00 1.884280801132915295e+00
1.095163297045101025e+01 2.336111975116640593e+01 5.061835147744945118e+01 1.126693623639191202e+02 2.266674961119751117e+02 3.392230171073094880e+02 1.863203732503887977e+02 7.017247278382581044e+01 5.629548989113529522e+00 1.499766718506998409e+01 3.071570762052876802e+01 5.797325038880248371e+01 1.263933125972006195e+02 2.712357698289268910e+02 3.722460342146189305e+02 1.407925349922239491e+02 6.466096423017106964e+00 2.082457231726282743e+01 3.107076205287713577e+01 5.787511664074649786e+01 1.243744945567651570e+02 2.259555209953343535e+02 3.330264385692068458e+02 2.203908242612752701e+02
2.078802803561280221e+00 7.139988634211023921e+00 6.461621519227125532e+01 8.601043758287553374e+02 7.813392688009092524e+01 4.843909831407462896e+00 1.236597840500094581e+00 9.179768895624170755e-01 1.929342678537601774e+00 5.788406895245310935e+00 4.801666982383027005e+01 9.009355938624738656e+02 5.599507482477741860e+01 3.879712066679295024e+00 1.491949232809244075e+00 1.035044516006819348e+00 1.891835574919492169e+00 5.337563932562985336e+00 8.554707330933888443e+01 8.558670202689902453e+02 6.289751846940708191e+01 4.404622087516575135e+00 1.854896760750141871e+00 1.271263496874407872e+00
6.983340652905870627e+01 1.521471234079929786e+02 2.941620553359683754e+02 2.588779095300834570e+02 1.229453959888742531e+02 6.071980676328502113e+01 3.747401551749377546e+01 2.546991655687307698e+01 1.661557605035865848e+01 4.502825354999267660e+01 1.098076416337285934e+02 2.103462157809983921e+02 2.787006294832381741e+02 1.991362904406382768e+02 1.016572976138193525e+02 6.033772507685551290e+01 1.108271116966769121e+01 3.812106572976138352e+01 7.402635046113306316e+01 1.278126189430537210e+02 2.104286341677645851e+02 2.650399648660518324e+02 1.838080808080808026e+02 1.113102034841165278e+02
8.805694098088112653e+00 2.425872817955112382e+01 2.057982128013300098e+02 2.799513715710723432e+02 2.566226101413133733e+02 2.155122610141313544e+02 2.767809642560266070e+01 2.453657522859518103e+00 2.102244389027431382e+00 1.126527431421446437e+02 7.886654197838736309e+02 1.065598503740648368e+02 6.541354945968412160e+00 1.799459684123025704e+00 2.079592684954281179e+00 6.799667497921861870e-01 4.161014131338320965e+01 9.164783873649209909e+02 5.288902743142144658e+01 3.519950124688279391e+00 2.881338320864505587e+00 2.206151288445552971e+00 1.352452202826267769e+00 1.431837073981712394e-01
6.998714971977582309e+02 2.973879103282625920e+02 1.783146517213771176e+01 4.263143848412062731e+00 1.768214571657325873e+00 9.113957832933012870e-01 5.242860955431011272e-01 6.307712836936215650e-01 1.179312783560181543e+02 7.285278889778489884e+02 1.481239658393381262e+02 1.894435548438751127e+01 5.388177208433413412e+00 2.162663464104617184e+00 1.194288764344809239e+00 9.160661862823592516e-01 2.131215639178008985e+02 6.926050173472110600e+02 9.245249532959701355e+01 1.488017080330931385e+01 5.618761676007472339e+00 2.272884974646383949e+00 1.127034961302375127e+00 1.110755270883373447e+00
9.154271656478306340e+01 7.773388996570747622e+02 1.258019979126286074e+02 1.832152974504249343e+01 4.566274042045623816e+00 2.172133591769792815e+00 1.073356195020128245e+00 1.260325033547040396e+00 4.699634710004472993e+01 8.433952586849560475e+02 1.113884001789175500e+02 1.109393171313553061e+01 4.567168629789772005e+00 2.223348740122260470e+00 1.222603250335470459e+00 1.190174444610108795e+00 8.807574176233785579e+01 8.196489488594006616e+02 9.358804234381989318e+01 1.142574921723572423e+01 4.635082749366334021e+00 2.140450275831221383e+00 1.271358282391531258e+00 1.291859251528254093e+00
3.852213469433041215e+00 1.929956729168977958e+01 8.341839565072672258e+01 2.676029069122378701e+02 3.916692555198047216e+02 1.889830245201375760e+02 4.962454232774880580e+01 1.745179185620769857e+01 1.891490069899034676e+00 1.018462221235992438e+01 3.427338289137912142e+01 1.091281482303339629e+02 3.104068567624542538e+02 3.871718628647508922e+02 1.318704094086319856e+02 3.697492510817707512e+01 3.916454010873183122e+00 1.287784311549983407e+01 4.076311993786752197e+01 1.544212803727948540e+02 3.540294019749251220e+02 3.274752024852990075e+02 9.773904360368356947e+01 3.067935204704316021e+01
2.073631214600377692e+00 2.643171806167400995e+00 2.434864694776589289e+00 2.234109502831969962e+00 2.495280050346129652e+00 4.680302076777848264e+00 4.420767778477029708e+01 9.632309628697294102e+02 1.073631214600377692e+00 2.960981749528005302e+00 3.160478288231592270e+00 3.461925739458779461e+00 1.639458779106356445e+01 8.351774701069855382e+02 1.605204531151667879e+02 1.250471994965387079e+00 2.488986784140969188e+00 5.427942101950913312e+00 7.865324103209566431e+00 1.011592196349905635e+02 8.592315921963499932e+02 4.386658275645059746e+01 2.690371302706104473e+00 1.269981120201384650e+00
7.472803347280334574e-01 2.748953974895397501e+00 5.567782426778242311e+00 7.432635983263597979e+00 5.106527196652719169e+01 9.140807531380752380e+02 3.730669456066945600e+01 5.050627615062761144e+00 4.619246861924685699e-01 2.651464435146443144e+00 5.667364016736401666e+00 9.948117154811715324e+00 3.382585774058576931e+02 6.408594142259413502e+02 2.286820083682008331e+01 3.284937238493723655e+00 2.487447698744769564e+00 5.608368200836819639e+00 6.565271966527196135e+00 6.894560669456066648e+01 8.455359832635982684e+02 8.759790794979079465e+01 5.680753138075313124e+00 1.578661087866108703e+00
3.516634567491283292e+02 3.209931927610825255e+02 1.624476174663788868e+02 8.448372903868504125e+01 4.477145940561182158e+01 2.619018761414577412e+01 1.592536941723393618e+01 1.173119707786817223e+01 1.004188942387514487e+02 2.701446123194421034e+02 2.591400464884608823e+02 1.774617300348663491e+02 1.021004482815872478e+02 5.760700647517847983e+01 3.116951685206707623e+01 2.016395483978083902e+01 1.158300680723891674e+02 2.646476008633571269e+02 2.338649344180640810e+02 1.783005146936742449e+02 1.126821351485970411e+02 5.921534119209695746e+01 3.132699651336543312e+01 2.233861862859040315e+01
6.325407850104991070e+01 3.967226619286060441e+02 3.784094653529316474e+02 1.230665482151510304e+02 3.558084315942497255e+01 1.357737037635276955e+01 6.627927636892263052e+00 5.683411403650460159e+00 7.666855112259732152e+00 1.120179292521402061e+02 3.688968664189953302e+02 3.717296074947504394e+02 1.140797124858665796e+02 2.974745598449361950e+01 1.095138103698917753e+01 7.832498788564044467e+00 1.656872879987077951e+01 2.098052818607656320e+02 4.726244548538200547e+02 2.213460668712647248e+02 6.473784525924729394e+01 2.147431755774511331e+01 9.087142626393150735e+00 7.278468744952349745e+00
3.196073737131912562e-01 8.531242518553986409e-01 1.437993775436916311e+00 2.280584151304763996e+00 3.177639454153698750e+00 6.209719894661239969e+00 2.102836964328465186e+01 9.881260474024419409e+02 2.700502753172133175e-01 8.010533875987551067e-01 1.656451999042374945e+00 2.150706248503710949e+00 3.399449365573377957e+00 6.108810150825951801e+00 1.458630596121618339e+01 9.944602585587741714e+02 4.752214508020110029e-01 9.377543691644720791e-01 1.656571702178597061e+00 2.328824515202298162e+00 3.995211874551113151e+00 6.909504429016039673e+00 3.234725879818051197e+01 9.747827388077566866e+02
8.569872624480622392e+01 6.669232341121177114e+02 2.232913289285471024e+02 3.218554594373680544e+01 8.502690552414685854e+00 3.529732307063551566e+00 1.893944554185682305e+00 1.408078468769157432e+00 1.353075403582862357e+01 3.356818336625570396e+02 5.558027382330903947e+02 9.388965329337239041e+01 1.514419998637695031e+01 5.293031809822219103e+00 2.438594101219263344e+00 1.652475989374020848e+00 3.607785573189837436e+01 4.816020025883795483e+02 3.905331380696138126e+02 9.039711191335740637e+01 1.647231115046659156e+01 4.612764798038281100e+00 2.169198283495674673e+00 1.568898576391254185e+00
4.415733406173176334e+00 1.610329145042337871e+02 7.272903578257305526e+02 1.108634252936356148e+02 1.092078667030865802e+01 3.133160338705271553e+00 1.908904670854957519e+00 2.288855503960666393e+00 3.088227260311390054e+00 1.042832559409997231e+02 7.686890193936081914e+02 1.234847036328871752e+02 1.341914777383228419e+01 4.342529363561867584e+00 1.920376946189565448e+00 2.626877902212509941e+00 1.388118000546298703e+01 1.598662933624692641e+02 7.136376673040152809e+02 1.135886369844304795e+02 1.268956569243376009e+01 3.944550669216060790e+00 1.952745151597923945e+00 2.293499043977055063e+00
9.164021164021164401e-01 2.807760141093474715e+00 6.506878306878307150e+00 5.125573192239858855e+00 5.671957671957672531e+00 3.804691358024691539e+01 9.294426807760141855e+02 3.548183421516755232e+01 1.277248677248677300e+00 2.986596119929453508e+00 7.852557319223986809e+00 5.664550264550264558e+00 1.756014109347442798e+01 8.771262786596120122e+02 1.100973544973545017e+02 1.435273368606702071e+00 4.284303350970017910e+00 5.300176366843033726e+00 6.683245149911816618e+00 3.680388007054673949e+01 8.869668430335098037e+02 7.855731922398589973e+01 4.862433862433862330e+00 5.417989417989418355e-01
1.113086770981507878e-01 2.418563300142247741e+00 3.424253200568990074e+00 4.289118065433854987e+00 5.508179231863442382e+00 8.455903271692745804e+00 4.213157894736842479e+01 9.576610953058321911e+02 4.719061166429587839e-01 2.951280227596017269e+00 4.412873399715505407e+00 5.331792318634423822e+00 6.653627311522048338e+00 7.885135135135135087e+00 1.420814366998577611e+02 8.542119487908961446e+02 9.032716927453769973e-01 4.633357041251778163e+00 5.129445234708392753e+00 5.442034139402561088e+00 7.812588904694168335e+00 9.704587482219061201e+01 8.270501422475107347e+02 7.598328591749644545e+01
8.430412371134020644e-01 3.575773195876288835e+00 6.127577319587628857e+00 1.080644329896907330e+01 9.015850515463917247e+01 7.182878865979381544e+02 1.774554123711340310e+02 1.628350515463917603e+01 6.786082474226804440e-01 2.981443298969072231e+00 5.315206185567010522e+00 9.629381443298969501e+00 7.781984536082474335e+01 8.542706185567010380e+02 6.963092783505155126e+01 3.212113402061855805e+00 9.791237113402062597e-01 3.312886597938144551e+00 5.097422680412371676e+00 1.040515463917525807e+01 1.087345360824742357e+02 8.304188144329897341e+02 6.130876288659793971e+01 3.281443298969072053e+00
1.368108108108108212e+01 2.177546777546777790e+01 3.737276507276507687e+01 5.999916839916840416e+01 9.034511434511435368e+01 1.538045738045738062e+02 2.937862785862786268e+02 3.496097713097713040e+02 5.584823284823285050e+00 1.784241164241164412e+01 3.406548856548856463e+01 5.043430353430353819e+01 7.367879417879417758e+01 9.998295218295218945e+01 1.867831600831600838e+02 5.520022869022869827e+02 7.357380457380457983e+00 1.877068607068607164e+01 3.475841995841996379e+01 5.312869022869023183e+01 6.935634095634095786e+01 9.155613305613306352e+01 1.453384615384615586e+02 6.001081081081081265e+02
5.152665245202558530e+00 2.119786780383795133e+01 1.615496801705756980e+02 5.976245202558635583e+02 2.043784648187633195e+02 2.267526652452025360e+01 5.564605543710021252e+00 3.400639658848613855e+00 2.601705756929637570e+00 1.097462686567164170e+01 4.770895522388059362e+01 3.645695095948827316e+02 4.987784648187633252e+02 8.098400852878464207e+01 1.177569296375266461e+01 4.150746268656716254e+00 2.337526652452025289e+00 8.707675906183368397e+00 3.541897654584221300e+01 2.623134328358208904e+02 5.920042643923241030e+02 1.035869936034115142e+02 1.279019189765458364e+01 4.384648187633262140e+00
3.070727410017619063e-01 1.606091115026428540e+00 2.793103448275862100e+00 5.210420337276617353e+00 3.982381072237604069e+00 3.581676315127108268e+00 4.093304807450289928e+01 9.655862068965517437e+02 5.368738988170148607e-01 2.866096149005789240e+00 5.485275610369997779e+00 3.565567581172917500e+00 4.400453058142462126e+00 3.129901837402466924e+01 9.479385854517996677e+02 2.790812987666750900e+01 1.546690158570350082e+00 5.064938333752832200e+00 4.755600302038762273e+00 9.286433425622956150e+00 4.067045054115278617e+02 4.613236848728920450e+02 1.332824062421344138e+02 2.035741253460860989e+00
1.627715602369980141e+00 1.790980908492429080e+00 1.742922975641869598e+00 1.891705069124423932e+00 1.000329163923633935e+01 5.330776826859776065e+02 4.706287030941408602e+02 3.026333113890717463e+00 2.354180381830151436e+00 1.868334430546412017e+00 9.079328505595785970e+00 3.360069124423962990e+02 6.659990125082290433e+02 7.281105990783410142e+00 7.577353522053982271e-01 4.427254772876892397e-01 2.692560895325871950e+00 3.622646477946017285e+01 8.320240289664252487e+02 1.471830151415404941e+02 3.528966425279789210e+00 8.949967083607636154e-01 8.341013824884792038e-01 4.052007899934166879e-01
9.530515504641517310e+00 1.372265455263677723e+02 7.000734742247680060e+02 1.499156626506024281e+02 1.666679834090460233e+01 4.493185858186845572e+00 2.626901046810191875e+00 1.368556191981038950e+00 3.536638356705510855e+00 2.342188425834485699e+01 3.380256764763973933e+02 5.284718546316413494e+02 1.079239581275923427e+02 1.385423661860557054e+01 4.470077029429192272e+00 2.197313845546119193e+00 5.113569030219237810e+00 1.380288366581078563e+01 1.801702547896504143e+02 6.004669168477187213e+02 1.855149121074461789e+02 2.830930278491013397e+01 5.873000197511356824e+00 2.650799920995457359e+00
7.571388988415143331e+02 1.924515705243043158e+02 3.692010032246506768e+01 1.521676818344679205e+01 7.669533022811417133e+00 4.749074405828257461e+00 3.467096620088379044e+00 2.255583422906962898e+00 4.785265735100919642e+02 3.888362594052310897e+02 9.236139973725067875e+01 3.066284485847366525e+01 1.497336677415502137e+01 7.126597396393168360e+00 4.085871252836498435e+00 3.295712408933476389e+00 5.456132807834707137e+02 3.170224531231338574e+02 8.408873760898124772e+01 3.705040009554519997e+01 1.756323898244356840e+01 8.443926907918308800e+00 5.078585930968589679e+00 5.008001910904096299e+00
